RR=[0.012490 0.037471 0.062452 0.087433 0.112413 0.137394 0.162375 0.187355 0.212336 0.237317 0.262298 0.287278 0.312259 0.337240 0.362221 0.387201 0.412182 0.437163 0.462143 0.487124 0.512105 0.537086 0.562066 0.587047 0.612028 0.637009 0.661989 0.686970 0.711951 0.736931 0.761912 0.786893 0.811874 0.836854 0.861835 0.886816 0.911796 0.936777 0.961758 0.986739 1.011719 1.036700 1.061681 1.086662 1.111642 1.136623 1.161604 1.186584 1.211565 1.236546 1.261527 1.286507 1.311488 1.336469 1.361450 1.386430 1.411411 1.436392 1.461372 1.486353 1.511334 1.536315 1.561295 1.586276 1.611257 1.636238 1.661218 1.686199 1.711180 1.736160 1.761141 1.786122 1.811103 1.836083 1.861064 1.886045 1.911026 1.936006 1.960987 1.985968 2.010948 2.035929 2.060910 2.085891 2.110871 2.135852 2.160833 2.185814 2.210794 2.235775 2.260756 2.285736 2.310717 2.335698 2.360679 2.385659 2.410640 2.435621 2.460602 2.485582 2.510563 2.535544 2.560524 2.585505 2.610486 2.635467 2.660447 2.685428 2.710409 2.735389 2.760370 2.785351 2.810332 2.835312 2.860293 2.885274 2.910255 2.935235 2.960216 2.985197 3.010177 3.035158 3.060139 3.085120 3.110100 3.135081 3.160062 3.185043 3.210023 3.235004 3.259985 3.284965 3.309946 3.334927 3.359908 3.384888 3.409869 3.434850 3.459831 3.484811 3.509792 3.534773 3.559753 3.584734 3.609715 3.634696 3.659676 3.684657 3.709638 3.734619 3.759599 3.784580 3.809561 3.834541 3.859522 3.884503 3.909484 3.934464 3.959445 3.984426 4.009407 4.034387 4.059368 4.084349 4.109329 4.134310 4.159291 4.184272 4.209252 4.234233 4.259214 4.284194 4.309175 4.334156 4.359137 4.384117 4.409098 4.434079 4.459060 4.484040 4.509021 4.534002 4.558982 4.583963 4.608944 4.633925 4.658905 4.683886 4.708867 4.733848 4.758828 4.783809 4.808790 4.833770 4.858751 4.883732 4.908713 4.933693 4.958674 4.983655 5.008636 5.033616 5.058597 5.083578 5.108558 5.133539 5.158520 5.183501 5.208481 5.233462 5.258443 5.283424 5.308404 5.333385 5.358366 5.383346 5.408327 5.433308 5.458289 5.483269 5.508250 5.533231 5.558212 5.583192 5.608173 5.633154 5.658134 5.683115 5.708096 5.733077 5.758057 5.783038 5.808019 5.832999 5.857980 5.882961 5.907942 5.932922 5.957903 5.982884 6.007865 6.032845 6.057826 6.082807 6.107787 6.132768 6.157749 6.182730 6.207710 6.232691 6.257672 6.282653 6.307633 6.332614 6.357595 6.382575 6.407556 6.432537 6.457518 6.482498 6.507479 6.532460 6.557441 6.582421 6.607402 6.632383 6.657363 6.682344 6.707325 6.732306 6.757286 6.782267 6.807248 6.832229 6.857209 6.882190 6.907171 6.932151 6.957132 6.982113 7.007094 7.032074 7.057055 7.082036 7.107017 7.131997 7.156978 7.181959 7.206939 7.231920 7.256901 7.281882 7.306862 7.331843 7.356824 7.381805 7.406785 7.431766 7.456747 7.481727 7.506708 7.531689 7.556670 7.581650 7.606631 7.631612 7.656592 7.681573 7.706554 7.731535 7.756515 7.781496 7.806477 7.831458 7.856438 7.881419 7.906400 7.931380 7.956361 7.981342 8.006323 8.031303 8.056284 8.081265 8.106246 8.131226 8.156207 8.181188 8.206168 8.231149 8.256130 8.281111 8.306091 8.331072 8.356053 8.381034 8.406014 8.430995 8.455976 8.480956 8.505937 8.530918 8.555899 8.580879 8.605860 8.630841 8.655822 8.680802 8.705783 8.730764 8.755744 8.780725 8.805706 8.830687 8.855667 8.880648 8.905629 8.930610 8.955590 8.980571 9.005552 9.030532 9.055513 9.080494 9.105475 9.130455 9.155436 9.180417 9.205397 9.230378 9.255359 9.280340 9.305320 9.330301 9.355282 9.380263 9.405243 9.430224 9.455205 9.480185 9.505166 9.530147 9.555128 9.580108 9.605089 9.630070 9.655051 9.680031 9.705012 9.729993 9.754973 9.779954 9.804935 9.829916 9.854896 9.879877 9.904858 9.929839 9.954819 -nan -nan 10.029761 10.054742 10.079723 10.104648 10.129300 -nan -nan 10.176240 10.229607 10.242098];
DD=[0.001290 0.001290 0.001290 0.001290 0.001290 0.001290 0.001290 0.001290 0.001290 0.001290 0.001290 0.001290 0.001290 0.001290 0.001290 0.001290 0.001290 0.001290 0.001290 0.001290 0.001290 0.001290 0.001290 0.001290 0.001290 0.001290 0.001290 0.001290 0.001290 0.001290 0.001290 0.001290 0.001290 0.001290 0.001290 0.001290 0.001290 0.001290 0.001290 0.001290 0.001290 0.001290 0.001290 0.001290 0.001290 0.001290 0.001290 0.001290 0.001290 0.001290 0.001290 0.001290 0.001290 0.001290 0.001290 0.001290 0.001290 0.001290 0.001290 0.001290 0.001290 0.001290 0.001290 0.001290 0.001290 0.001290 0.001290 0.001290 0.001290 0.001290 0.001290 0.001290 0.001290 0.001290 0.001290 0.001290 0.001290 0.001290 0.001290 0.001290 0.001290 0.001290 0.001290 0.001290 0.001290 0.001290 0.001290 0.001290 0.001290 0.001290 0.001290 0.001290 0.001290 0.001290 0.001290 0.001290 0.001290 0.001290 0.001290 0.001290 0.001290 0.001290 0.001290 0.001290 0.001290 0.001290 0.001290 0.001290 0.001290 0.001290 0.001290 0.001290 0.001290 0.001290 0.001290 0.001290 0.001290 0.001290 0.001290 0.001290 0.001290 0.001290 0.001290 0.001290 0.001290 0.001290 0.001290 0.001290 0.001290 0.001290 0.001290 0.001290 0.001290 0.001290 0.001290 0.001290 0.001290 0.001290 0.001290 0.001290 0.001290 0.001290 0.001290 0.001290 0.001290 0.001290 0.001290 0.001290 0.001290 0.001290 0.001290 0.001290 0.001290 0.001290 0.001290 0.001290 0.001290 0.001290 0.001290 0.001290 0.001290 0.001290 0.001290 0.001290 0.001290 0.001290 0.001290 0.001290 0.001290 0.001290 0.001290 0.001290 0.001290 0.001290 0.001290 0.001290 0.001290 0.001290 0.001290 0.001290 0.001290 0.001290 0.001290 0.001290 0.001290 0.001290 0.001290 0.001290 0.001290 0.001290 0.001290 0.001290 0.001290 0.001290 0.001290 0.001290 0.001290 0.001290 0.001290 0.001290 0.001290 0.001290 0.001290 0.001290 0.001290 0.001290 0.001290 0.001290 0.001290 0.001290 0.001290 0.001290 0.001290 0.001290 0.001290 0.001290 0.001290 0.001290 0.001290 0.001290 0.001290 0.001290 0.001290 0.001290 0.001290 0.001290 0.001290 0.001290 0.001290 0.001290 0.001290 0.001290 0.001290 0.001290 0.001290 0.001290 0.001290 0.001290 0.001290 0.001290 0.001290 0.001290 0.001290 0.001290 0.001290 0.001290 0.001290 0.001290 0.001290 0.001290 0.001290 0.001290 0.001290 0.001290 0.001290 0.001290 0.001290 0.001290 0.001290 0.001290 0.001290 0.001290 0.001290 0.001290 0.001290 0.001290 0.001290 0.001290 0.001290 0.001290 0.001290 0.001290 0.001290 0.001290 0.001290 0.001290 0.001290 0.001290 0.001290 0.001290 0.001290 0.001290 0.001290 0.001290 0.001290 0.001290 0.001290 0.001290 0.001290 0.001290 0.001290 0.001290 0.001290 0.001290 0.001290 0.001290 0.001290 0.001290 0.001290 0.001290 0.001290 0.001290 0.001290 0.001290 0.001290 0.001290 0.001290 0.001290 0.001290 0.001290 0.001290 0.001290 0.001290 0.001290 0.001290 0.001290 0.001290 0.001290 0.001290 0.001290 0.001290 0.001290 0.001290 0.001290 0.001290 0.001290 0.001290 0.001290 0.001290 0.001290 0.001290 0.001290 0.001290 0.001290 0.001290 0.001290 0.001290 0.001290 0.001290 0.001290 0.001290 0.001290 0.001290 0.001290 0.001290 0.001290 0.001290 0.001290 0.001290 0.001290 0.001290 0.001290 0.001290 0.001290 0.001290 0.001290 0.001290 0.001290 0.001290 0.001290 0.001290 0.001290 0.001290 0.001290 0.001290 0.001290 0.001290 0.001290 0.001290 0.001290 0.001290 0.001290 0.001290 0.001290 0.001290 0.001290 0.001290 0.001290 0.001290 0.001290 0.001290 0.001290 0.001290 0.001290 0.001290 0.001290 0.001290 0.001290 0.001290 0.001290 0.001290 0.001290 0.001290 0.001290 0.001290 0.001290 0.001290 0.001290 0.001290 -nan -nan 19.237000 19.237000 19.237000 19.322729 19.670045 -nan -nan 75.464454 75.464454 75.464454];
